[nihad.jpg]
filters=Polaroid=1,5.000000,00e2e2e2;
moddate=17ac93ad7f5ad401
width=150
height=150
textactive=0
[shanib.jpg]
filters=Polaroid=1,5.000000,00e2e2e2;
moddate=02b5b4f9815ad401
width=142
height=175
textactive=0
[kuttn.jpg]
filters=Polaroid=1,5.000000,00e2e2e2;
moddate=64634d16825ad401
width=150
height=150
textactive=0
